POP. SIZE: 50
AGENT.SIZE: 30
GENERATIONS: 20
ELITE SIZE: 5
---------------
BEST FITNESS
---------------
15.1533391846
14.3839043362
11.1462052396
12.3852027955
17.0569485494
14.8883310976
18.5904890064
13.158764103
10.3774116181
17.1405842394
9.7141973231
15.8842626036
14.893943945
17.7464954793
13.0341897649
20.0663050031
13.4440714149
14.8892911295
17.2084742827
17.2991983162
---------------
WORST FITNESS
---------------
28.8132480941
29.2922480941
28.5152480941
28.7162480941
28.9362480941
28.9952480941
29.0072480941
29.1932480941
28.8082480941
28.6692480941
28.7072480941
28.9522480941
28.8722480941
28.7012480941
29.6102480941
28.7882480941
28.8092480941
28.6259735589
29.1572480941
28.7072480941
---------------
AVERAGE FITNESS
---------------
25.5990739187
25.9123407286
24.74051208
25.0384026104
25.145198748
25.6089080474
25.8219338361
25.276193815
24.8449459596
24.9618581573
25.1132723063
25.2634864547
25.8854928062
26.0217838808
26.3154713927
25.9768091464
25.8045177586
25.1588549938
25.5472421432
25.6310219168
