POP. SIZE: 50
AGENT.SIZE: 30
GENERATIONS: 20
ELITE SIZE: 5
EVOLVE: True
---------------
BEST FITNESS
---------------
16.371619596
13.8242999167
12.8091708618
12.0501988245
10.4251131462
7.45534742057
7.45534742057
7.45144788078
7.45144788078
6.17405225449
6.17405225449
5.97119949445
5.97119949445
5.97119949445
5.53946950243
5.53946950243
5.53946950243
5.53946950243
5.53946950243
5.03711266226
---------------
WORST FITNESS
---------------
28.6982480941
29.1022480941
28.7012480941
29.1232480941
28.8382480941
30.2072480941
30.1962480941
30.9572480941
29.5922480941
29.1782480941
29.9372480941
29.7602480941
28.7593970303
27.5072480941
20.2461035029
23.0071787611
25.3769518171
28.5952480941
28.2872480941
19.8575392375
---------------
AVERAGE FITNESS
---------------
25.8882177938
23.7235638871
22.7313640935
21.4197237798
21.7391885079
21.1349836541
19.874373497
17.4343958763
16.6839589906
14.4205813699
13.212641264
13.152625928
12.0028881117
12.1586888514
11.6741210819
11.2882788788
11.1550211545
10.686345444
10.5259792299
10.0770163305
