POP. SIZE: 50
AGENT.SIZE: 30
GENERATIONS: 20
ELITE SIZE: 5
EVOLVE: False
---------------
BEST FITNESS
---------------
12.4146436757
17.7389862898
12.5973413424
13.5145861811
19.9211641418
15.6156641837
13.7629532477
12.2012894372
14.6341027269
13.9252258496
16.3141728109
14.445242972
13.9584488529
12.3829791513
12.9591357342
13.1119041103
17.2147330332
20.1633160937
13.8698441524
11.6870137067
---------------
WORST FITNESS
---------------
28.5392480941
28.4285459665
28.7072480941
28.7282480941
28.9832480941
28.7102480941
28.7072480941
28.8458438388
29.3042480941
29.0042480941
28.7742268176
28.4072480941
29.0722480941
29.1602480941
29.0792480941
29.2652480941
29.2542480941
28.8102480941
29.1135885197
28.8212480941
---------------
AVERAGE FITNESS
---------------
24.7099474439
25.7117417735
25.8359360282
24.6915237617
25.2946075426
24.9568780657
25.1425937655
24.9958884823
25.7313475049
25.3651610745
24.9843064212
25.4614817601
25.6754592765
24.8977927414
25.8312099252
24.6044173606
24.6042959168
25.5582347642
25.1357699755
24.4325073306
