POP. SIZE
150
AGENT.SIZE
25
GENERATIONS
500
ELITE SIZE
15
BEST FITNESS
12.9376365404
12.7972590665
12.1490079013
11.5317785279
9.91884014374
8.51654430108
7.77286565851
7.77286565851
6.06695301335
6.06695301335
6.06695301335
6.06695301335
5.79519947459
5.79519947459
5.16629642288
5.16629642288
5.16629642288
5.09388951182
5.09388951182
5.09388951182
5.09388951182
5.01955187963
5.01955187963
5.01955187963
5.01955187963
5.01955187963
5.01955187963
5.01955187963
5.01955187963
5.01955187963
5.01955187963
4.91148267832
4.91148267832
4.91148267832
4.91148267832
4.91148267832
4.91148267832
4.91148267832
4.91148267832
4.91148267832
4.91148267832
4.91148267832
4.76525498433
4.76525498433
4.76525498433
4.76525498433
4.76525498433
4.76525498433
4.76525498433
4.76525498433
4.76525498433
4.58054703906
4.58054703906
4.58054703906
4.58054703906
4.58054703906
4.58054703906
4.58054703906
4.58054703906
4.58054703906
4.58054703906
4.58054703906
4.58054703906
4.58054703906
4.58054703906
4.58054703906
4.58054703906
4.58054703906
4.58054703906
4.58054703906
4.58054703906
4.58054703906
4.58054703906
4.55893128656
4.55893128656
4.55893128656
4.55893128656
4.55893128656
4.55893128656
4.55893128656
4.55893128656
4.55893128656
4.55893128656
4.55893128656
4.55893128656
4.55893128656
4.55893128656
4.52421961319
4.52421961319
4.52421961319
4.52421961319
4.52421961319
3.64664205032
3.64664205032
3.64664205032
3.64664205032
3.64664205032
3.64664205032
3.64664205032
3.64664205032
3.64664205032
3.64664205032
3.64664205032
3.64664205032
3.64664205032
3.64664205032
3.64664205032
3.64664205032
3.64664205032
3.64664205032
3.64664205032
3.64664205032
3.64664205032
3.64664205032
3.64664205032
3.64664205032
3.64664205032
3.64664205032
3.64664205032
3.64664205032
3.64664205032
3.64664205032
3.64664205032
3.64664205032
3.64664205032
3.64664205032
3.64664205032
3.64664205032
3.64664205032
3.64664205032
3.64664205032
3.64664205032
3.64664205032
3.64664205032
3.64664205032
3.64664205032
3.64664205032
3.64664205032
3.64664205032
3.64664205032
3.64664205032
3.64664205032
3.64664205032
3.64664205032
3.64664205032
3.64664205032
3.64664205032
3.64664205032
3.64664205032
3.64664205032
3.64664205032
3.64664205032
3.64664205032
3.64664205032
3.64664205032
3.64664205032
3.64664205032
3.64664205032
3.64664205032
3.64664205032
3.64664205032
3.64664205032
3.64664205032
3.64664205032
3.64664205032
3.64664205032
3.64664205032
3.64664205032
3.64664205032
3.64664205032
3.64664205032
3.64664205032
3.64664205032
3.64664205032
3.64664205032
3.64664205032
3.64664205032
3.64664205032
3.64664205032
3.64664205032
3.64664205032
3.64664205032
3.64664205032
3.64664205032
3.64664205032
3.64664205032
3.64664205032
3.64664205032
3.64664205032
3.64664205032
3.64664205032
3.64664205032
3.64664205032
3.64664205032
3.64664205032
3.64664205032
3.64664205032
3.64664205032
3.64664205032
3.64664205032
3.64664205032
3.64664205032
3.64664205032
3.64664205032
3.64664205032
3.64664205032
3.64664205032
3.64664205032
3.64664205032
3.64664205032
3.64664205032
3.64664205032
3.64664205032
3.64664205032
3.64664205032
3.64664205032
3.64664205032
3.64664205032
3.64664205032
3.64664205032
3.64664205032
3.64664205032
3.64664205032
3.64664205032
3.64664205032
3.64664205032
3.64664205032
3.64664205032
3.64664205032
3.64664205032
3.64664205032
3.64664205032
3.64664205032
3.64664205032
3.64664205032
3.64664205032
3.64664205032
3.64664205032
3.64664205032
3.64664205032
3.64664205032
3.64664205032
3.64664205032
3.64664205032
3.64664205032
3.64664205032
3.64664205032
3.64664205032
3.64664205032
3.64664205032
3.64664205032
3.64664205032
3.64664205032
3.64664205032
3.64664205032
3.64664205032
3.64664205032
3.64664205032
3.64664205032
3.64664205032
3.64664205032
3.64664205032
3.64664205032
3.64664205032
3.64664205032
3.64664205032
3.64664205032
3.64664205032
3.64664205032
3.64664205032
3.64664205032
3.64664205032
3.64664205032
3.64664205032
3.64664205032
3.64664205032
3.64664205032
3.64664205032
3.64664205032
3.64664205032
3.64664205032
3.64664205032
3.64664205032
3.64664205032
3.64664205032
3.64664205032
3.64664205032
3.64664205032
3.64664205032
3.64664205032
3.64664205032
3.64664205032
3.64664205032
3.64664205032
3.64664205032
3.64664205032
3.64664205032
3.64664205032
3.64664205032
3.64664205032
3.64664205032
3.64664205032
3.64664205032
3.64664205032
3.64664205032
3.64664205032
3.64664205032
3.64664205032
3.64664205032
3.64664205032
3.64664205032
3.64664205032
3.64664205032
3.64664205032
3.64664205032
3.64664205032
3.64664205032
3.64664205032
3.64664205032
3.64664205032
3.64664205032
3.64664205032
3.64664205032
3.64664205032
3.64664205032
3.64664205032
3.64664205032
3.64664205032
3.64664205032
3.64664205032
3.64664205032
3.64664205032
3.64664205032
3.64664205032
3.64664205032
3.64664205032
3.64664205032
3.64664205032
3.64664205032
3.64664205032
3.64664205032
3.64664205032
3.64664205032
3.64664205032
3.64664205032
3.64664205032
3.64664205032
3.64664205032
3.64664205032
3.64664205032
3.64664205032
3.64664205032
3.64664205032
3.64664205032
3.64664205032
3.64664205032
3.64664205032
3.64664205032
3.64664205032
3.64664205032
3.64664205032
3.64664205032
3.64664205032
3.64664205032
3.64664205032
3.64664205032
3.64664205032
3.64664205032
3.64664205032
3.64664205032
3.64664205032
3.041129282
3.041129282
3.041129282
3.041129282
3.041129282
3.041129282
3.041129282
3.041129282
3.041129282
3.041129282
3.041129282
3.041129282
3.041129282
3.041129282
3.041129282
3.041129282
3.041129282
3.041129282
3.041129282
3.041129282
3.041129282
3.041129282
3.041129282
3.041129282
3.041129282
3.041129282
3.041129282
3.041129282
3.041129282
3.041129282
3.041129282
3.041129282
3.041129282
3.041129282
3.041129282
3.041129282
3.041129282
3.041129282
3.041129282
3.041129282
3.041129282
3.041129282
3.041129282
3.041129282
3.041129282
3.041129282
3.041129282
3.041129282
3.041129282
3.041129282
3.041129282
3.041129282
3.041129282
3.041129282
3.041129282
3.041129282
3.041129282
3.041129282
3.041129282
3.041129282
3.041129282
3.041129282
3.041129282
3.041129282
3.041129282
3.041129282
3.041129282
3.041129282
3.041129282
3.041129282
3.041129282
3.041129282
3.041129282
3.041129282
3.041129282
3.041129282
3.041129282
3.041129282
3.041129282
3.041129282
3.041129282
3.041129282
WORST FITNESS
28.9515672431
28.7252480941
28.8368651154
29.3072480941
29.1482480941
29.0142480941
28.9472480941
28.843886392
28.8942480941
28.9463544771
28.4072480941
29.3072480941
26.9072480941
28.1072480941
28.6982480941
25.9582781393
30.9362480941
23.2603012067
28.6893718881
27.6572480941
31.2632480941
28.989631953
23.4100566237
21.501339181
27.5177889704
24.6959863959
21.0833982043
27.3338922793
23.0141374002
24.5932301496
26.5226187157
21.64583432
24.1317114068
21.8468923985
27.6312393821
20.5112915076
22.2254010567
24.4335809767
23.3116126908
24.3619178693
20.7531907675
25.1738181669
23.1731301814
26.3582781393
21.0584637398
22.3224010567
19.8511291273
20.1094939865
20.6722838041
21.0320382079
21.1041280656
19.6888891214
25.6809682191
21.8056748836
21.6067846731
19.3582663494
19.2584468834
27.5072480941
27.5532576319
31.2152480941
27.7292804146
21.6304419614
20.5481743009
19.8712790493
17.4391244002
21.5722336696
17.601221659
27.1801995129
22.5699285115
20.2430088913
23.2506282024
21.2039524771
24.7788171933
21.4831280252
22.4311171798
20.4190604919
18.2002207121
21.5619613584
20.5453847386
25.1581706358
22.1872544831
27.2755246899
20.4633558536
25.3498182363
23.6786310413
19.2640895474
18.8587258479
19.8189864804
21.0183263552
19.7989085643
20.3954752726
22.5700697825
19.3911659034
21.8467834769
22.4392775044
21.5733407853
30.3362480941
27.0166751353
21.5408794712
19.1173211635
21.4698533017
19.0081818094
21.3724445237
20.6026159322
26.9072480941
24.0949884697
21.8724843563
22.89684011
23.4863125891
19.4880017456
20.1413590896
19.276168645
26.9072480941
21.0476517139
25.1015768391
21.0187080458
20.5635645144
25.2748554628
21.7892138842
23.994691557
24.9112380088
19.8347046681
22.6617478722
23.8259678093
23.7044806219
20.7634805754
23.6388984717
26.2269513686
20.3540913915
18.6961429152
26.388181958
23.8646745432
22.4131263192
22.4884571995
20.8985428397
23.5414861375
22.4032537537
27.2072480941
21.2337773067
26.5964377426
23.0620315319
19.5885798645
17.9808478261
23.8448169653
21.3603688329
25.396965028
18.4072396817
18.8414170592
21.9408898983
22.1589220244
22.68222845
21.607449003
26.8519095627
21.0234969768
21.6052042356
19.3294217221
21.0957024018
25.063592269
22.5925526311
24.7984279832
21.7602367612
22.755727899
22.2221981576
29.1812480941
25.0757460176
22.4789588016
20.3403154933
21.6105071348
25.5923860988
24.6325017834
28.7072480941
20.3244342371
19.5195352674
17.7378941842
18.6924944089
21.247312697
22.4549108973
21.6300393546
19.306176719
25.9996151837
26.3255681265
28.8852480941
18.9243133869
27.2072480941
23.6207635167
28.4072480941
22.6313684507
22.2113846909
20.6386501944
22.7475858417
30.2012480941
19.346378982
21.1624113861
22.3472596392
20.4114272808
21.9715907931
25.7735615454
27.3452918906
19.3406738829
22.6167913451
25.9597249478
23.6302205634
26.8880316399
21.1814021447
28.0392688717
20.0712812888
22.3766970511
29.3072480941
21.1578100909
23.7725948247
22.3437417865
23.1633158672
18.2872747495
25.7616929984
28.3918012856
21.9783957677
22.2370573598
20.1636495233
20.2261924333
22.063955547
21.9051739926
22.2143290365
20.4745537974
19.0070670032
29.6687808891
22.4232397436
22.9833646115
22.945583502
21.5450477439
18.9702909433
23.1206978032
18.6031806753
24.0268050967
17.4741232715
21.4623688329
28.7701417112
21.0034086411
18.9447801651
19.0911511907
21.2390522266
23.9086078324
28.1432126958
18.1115417414
26.1263990737
21.8040322866
29.3072480941
20.3341326436
26.6059245649
26.0619164372
21.817517224
29.3012480941
27.6941429545
21.6635508193
18.1355970644
21.56766399
23.2479684785
22.0791504929
23.4488502974
25.5455558132
25.9596145147
26.5719876184
21.1095239145
21.7295894042
27.4282520583
20.4543788071
22.3621751151
24.6680456719
24.576316659
21.2633688329
21.6137943648
24.1223944278
19.3520729017
21.0025654897
31.1072480941
22.1767803756
18.9917950454
18.709811542
19.4894425831
20.9123521937
22.5047803896
23.1403576049
24.5128766537
19.8609691022
23.7114306001
26.5486764518
21.6689220244
21.6365224292
21.7389581202
26.7778440478
21.1896991365
23.6072271045
28.1072480941
23.1614288663
26.2188826349
23.2786596628
23.1238371087
22.1848833263
20.0007622821
29.6042480941
24.3445691566
21.2804192593
24.7071772237
18.6126710827
16.980157983
18.4483815969
22.7194909797
23.1052833723
21.1614752159
21.6430237682
20.7084224756
27.5856066483
20.99841919
27.3934595145
21.1831457174
28.5599349261
22.2129354752
29.6836097963
24.3900005716
22.1795696064
21.7508981131
26.1118039054
24.6819378715
22.0749007497
22.0277627588
22.1934003669
24.7165602025
22.1968826659
24.476730231
30.5102480941
22.5469534463
20.5920250312
25.9390966503
21.859943301
24.6059644578
17.8118997981
20.6056293562
21.3287670151
25.6802772412
18.4145859941
20.3774784438
27.8975564354
24.9132814764
23.1221811905
20.4702367795
20.5084358439
22.1341773435
24.3785194462
20.6688691395
27.2072480941
24.6075602025
25.0068793514
22.2638488061
23.5625778024
21.6629007478
25.3594270755
26.2655248815
21.662533785
21.6277443475
23.3510024451
17.4019819376
22.3237602487
18.3053130937
20.1892849069
22.1375268218
19.662058042
19.8847285178
21.2804259946
22.423494634
19.9041240193
19.5622372475
19.6997101526
21.3637518116
20.8666410947
25.8150104128
19.5684723374
27.5402480941
21.1026013219
23.7132733734
17.9696397484
18.3844933425
28.4072480941
18.6016592734
18.7846579384
25.8583832632
23.514081881
29.3770353282
20.0415286002
20.0494727446
18.5817497655
18.1860255012
19.8938245736
17.7048893634
22.4119548209
19.8264354968
21.7951901753
18.3478901249
20.3781463124
23.4513869466
23.6394401774
19.6617080083
26.305443854
18.0203368732
22.5039027076
19.796791411
25.7549264735
25.1390454653
22.0517191706
17.2113824764
21.6689349527
22.7391969028
19.6494700955
24.8755150373
19.9733278134
18.5137185607
20.2413012431
17.7241593701
20.0680354788
21.8422357573
24.4778341862
17.9449781297
18.3672055225
19.9060759114
17.2735303475
17.7176477963
20.5933971573
18.7686803407
25.858661118
21.4649759785
26.1190052836
21.4261773435
18.7217447552
21.8349147722
22.9094603076
28.680417774
18.2976058952
30.3452480941
20.5211880545
25.4166593959
19.6578921278
23.5652965366
22.5645337943
17.6788232086
18.021337047
18.8978345075
20.6127883895
27.5082693707
19.5403057177
19.8421831183
20.2950283147
20.0894294029
22.6220002936
19.494933989
21.1312101642
AVERAGE FITNESS
25.4579444574
23.8630454949
23.3829492727
22.4500062019
21.7676352232
20.6020766909
18.9835905045
17.7136901639
16.0024352147
15.3998907253
14.620137995
14.2523605506
12.6192211339
13.1045615327
12.1311792958
11.6794855455
12.394303943
11.5045894188
11.158644558
11.3315780555
11.2489351324
10.9780995703
11.613821456
10.9365324756
10.8675076807
11.0949780807
10.8373539118
10.5234725038
10.8747850859
10.5658814468
10.2692401096
10.0338787466
10.6738423887
10.324402074
10.7565354136
10.2114086484
10.4223579661
9.84202687015
10.0568020212
10.2155000883
10.0867118126
9.72614816217
10.2320587349
10.1619680016
9.90421422025
9.74274399907
9.96124017188
9.65852576213
9.75899107858
10.3178700545
9.6379902611
9.93434318192
10.1716655397
10.0558153799
9.76379266655
9.81641728279
9.84203904092
10.1314556928
9.61119579076
10.0128126326
10.1500722254
10.0543460722
9.98383760596
9.81053770058
9.81034555399
9.79523770285
9.63515422347
10.1339766296
10.0223080709
9.59568451415
9.6897759316
9.65977824084
9.85277900888
9.95917450624
9.63849474702
10.2084227049
9.30590710081
9.4666641805
9.89626551833
9.82059493871
9.88345038758
10.1605784393
10.0616089028
9.80390375352
9.944856723
9.79008005844
9.67764163458
9.61358263506
9.74870745558
9.7962236037
9.68488184778
9.6022074455
9.55386816138
9.981921976
9.42765487998
9.78199012952
9.43985534635
9.58555550561
9.63798612428
9.8544095657
9.90659895466
9.43188211468
9.41794449541
9.24973461209
9.41583301051
10.1017301224
9.98058950771
9.56629938878
9.88625870306
9.33935362771
9.59847763563
9.0757095187
10.0242843837
9.79001177099
9.37447141887
9.61317815309
9.69529647625
9.88611928069
9.6838478987
9.56550864774
9.93249735734
9.83173898548
9.71786692303
9.89721581618
9.78866430726
9.92250515219
9.54263472637
9.77694831109
9.55594092498
9.60457751455
10.1565185061
9.77961056913
9.7536256522
9.82929100438
9.81692325959
9.57161610771
9.67061877521
10.1961860933
10.0591644396
9.86904306285
9.93246302732
9.49918217602
9.47791722552
9.72313722494
9.58721880551
9.58792947197
9.63912728085
9.51379192124
9.98862713462
9.7377707543
9.60251173344
9.2617458067
9.47466474039
9.68555296982
9.46241794262
9.63967282445
9.68814648414
9.54712138436
9.63083785591
10.0994696621
9.73467295275
9.92872122114
9.86042865551
9.92036092875
9.88845671151
9.62823827817
9.64970760321
9.52835842103
9.60672175754
9.38341804964
9.42730560611
9.61651209988
9.48818603512
9.51288668939
9.4754176528
9.78724627069
10.0434368413
9.46760793754
9.63266002456
9.80275540375
10.2667036815
9.57673227948
9.41085084971
9.64568293627
10.1333836307
9.78972188232
9.7369148306
9.40119776922
9.80756487716
10.1619426225
10.1910207151
9.6749720168
9.84221455191
9.9517757562
9.81302926887
9.61623716058
9.77020002987
9.83343365151
9.34958390436
9.54826152938
9.42281685201
9.59245298533
9.65498088218
10.0105227752
10.0435168802
9.44148083066
9.59560089231
9.98862360726
9.63443410164
9.51747143048
9.91737453582
9.31368933156
9.63227361996
9.69066295469
10.0548881623
9.85900186049
9.69036808443
9.56901579043
9.54457587
9.67099288232
9.79866072885
9.51597321057
9.8561575995
9.95031664848
9.9120320974
9.80512219049
10.0513811306
9.98828228461
9.77023696383
9.49140481127
9.51161517924
10.0004569086
10.1133177838
9.6699666038
9.5038365007
10.0873182268
9.47967710592
9.68464350927
9.67316636238
9.82222625883
9.75251008018
9.87299172306
9.79508916385
10.102021391
9.91596039701
10.3221740061
9.93568435595
10.0957819578
9.57513471456
9.4861059034
9.34664714332
9.67503973006
9.44263278638
9.67413686297
9.49412528495
9.81968000555
9.48437721971
9.62340537753
9.70021231052
9.53538165755
10.2341581505
9.94912190365
9.90577411548
9.98949226283
9.35818732658
10.030596587
9.87641345385
9.75123459369
9.86245227629
10.0486935772
9.31954240295
9.79111578144
10.2005087016
9.78879607731
9.77634486311
9.68565952588
9.87194209587
9.73655716126
9.86322622811
9.95933122297
9.68190524592
9.25783120955
9.68297438248
9.70542812965
9.71946380262
9.8269288063
9.2158165504
9.99827647904
9.78545773811
10.1840159648
9.64813467266
10.3464947513
10.0806419981
9.8079530811
10.0251062334
10.1139529731
9.41348794617
9.99436312405
9.70237848233
9.4803865997
9.20994733139
9.64627691502
9.50101556429
9.20223780649
9.96083075235
9.88703497509
9.68478184038
9.01034566056
9.60451959826
9.80627359256
9.48776738657
9.64923347944
10.1443317525
9.88503690066
9.56078998394
9.8517626153
9.79242199967
9.61116354139
9.68771530636
9.76837965238
9.64028139777
9.79884487817
9.70894638264
9.56643431356
9.49268778545
10.0502846763
9.3712079627
10.1239046411
9.74282049067
9.45554733307
9.46574487697
9.75296561442
9.26580156548
9.44221744645
9.25025148509
9.72460768993
9.74983583319
9.62326072841
9.38562112105
9.71303424826
9.48959918727
9.8259209849
9.37421328407
9.26249191439
9.00654194286
9.43481878324
9.81195906654
9.36813285091
9.59938706071
9.81492132105
9.71416193678
9.11827984471
9.80673646516
9.65896713971
9.7358971331
9.71383927844
9.23529103669
9.46616781211
9.68566840982
9.13854953432
9.07429005777
9.3019646341
9.25672003686
9.70132801441
9.1579659936
9.37588085227
8.99055331287
9.70062780711
9.4055940318
8.75108664787
9.30979047273
9.2763455017
9.18994850658
9.55425909353
9.57483204163
9.41116235129
8.9819742426
9.30100064287
8.94032252198
8.98338498255
9.68380680497
9.72984443224
9.29284820192
9.55289641315
10.0543059713
9.59450397919
9.40680994942
8.98112442411
9.06522473809
8.83293293572
9.09923775886
8.83856498683
9.60338109017
9.43546131934
8.96397507853
9.27396969088
9.64124513159
9.39641945017
9.44258914513
8.79460770626
9.45448626368
9.49394434886
9.62073232554
9.3227972646
9.59662301292
9.54839218357
9.94965138162
8.76376749812
9.92440659141
9.52846476655
9.07774373568
9.4225404539
9.56727051291
9.37450001993
9.5887168341
9.67865798387
9.56133477222
9.86175407787
9.99479245661
9.11114248309
8.69352663223
9.1405284252
9.24713656396
9.55756783321
9.22168099377
9.10921738866
9.38736729641
9.26550931277
9.24463471509
9.44015564135
9.02277316078
9.16522437696
9.36272393132
9.38911368701
9.41306896593
9.26138666798
9.38165225574
9.43303574942
8.99753963095
9.19905514004
9.09411696831
9.56287788948
9.10247228878
9.51960892172
9.79941657564
9.07836327466
8.96767215561
9.05727177284
9.17453014842
9.53016681015
9.73100887568
9.10767782321
9.18369572964
