POP. SIZE: 50
AGENT.SIZE: 30
GENERATIONS: 20
ELITE SIZE: 5
---------------
BEST FITNESS
---------------
13.0930801839
13.0930801839
9.8293045136
9.8293045136
8.5352052614
8.5352052614
6.81974074921
6.81974074921
6.8048852451
6.8048852451
6.49260614133
6.49260614133
6.49260614133
6.0015684066
5.83852436967
5.83852436967
5.83852436967
5.83852436967
5.24243719654
5.24243719654
---------------
WORST FITNESS
---------------
29.0282480941
29.0642480941
29.6312480941
29.596992775
29.0072480941
28.8602480941
27.8262480941
28.9829289452
28.1402480941
27.3482480941
27.5102480941
27.8132480941
27.7052480941
26.9162480941
27.6662480941
27.5132480941
27.8282480941
27.5102480941
26.9162480941
27.6512480941
---------------
AVERAGE FITNESS
---------------
24.5970090061
23.1518911811
22.645067917
21.7327205826
20.345440035
18.0301466015
15.7368231495
14.8617232063
14.794149168
13.2291791645
14.3451447428
13.9436224432
12.608966276
11.4762015436
12.5197545059
12.929532608
12.5479692879
10.6855081492
10.7730062605
11.3959733919
